5989
8555
897
5435
4965
1701
3621
5549
1543
863
8123
6817
1069
4411
919
9975
6729
4207
3703
1351
6367
7103
3905
3273
4901
329
5713
7221
7691
4079
5851
5567
1725
8393
5307
8819
1957
191
9805
6957
4849
7715
7117
5637
9041
8007
4781
1111
7851
7211
799
4713
9043
1771
6219
1801
9921
137
733
6897
6363
3415
6057
1495
5189
8913
6169
6691
9005
9045
5801
897
1713
8775
1381
4047
9803
4705
9757
5833
7679
7675
5109
3861
8489
2873
7531
7935
6479
9883
4989
8275
4263
2663
1951
9287
1493
2319
1095
4117
3305
1451
8589
5557
3123
8967
7785
2225
5199
2915
7791
825
8881
2639
641
5825
8473
5585
5725
2763
3307
7657
9345
921
5717
6803
4447
5957
7165
6325
8927
2479
8811
5439
1273
3187
981
7541
1993
3121
6875
7117
4519
6193
9069
3929
9259
6797
283
8845
1397
1733
9979
8631
8923
5529
4975
9143
8613
9135
5407
823
2975
9011
6241
4739
953
8695
7155
6895
4893
2823
1073
4793
7141
5869
2721
11
7191
6605
7747
5227
2669
4971
5167
5909
4711
4119
3811
2825
3043
2121
7599
1423
1017
5053
871
2867
7841
3213
7995
3379
3945
8019
3827
2183
547
1511
9657
6865
8343
1897
9625
4691
3127
9127
4017
3229
5201
6487
6107
6837
2253
1589
7965
1583
7647
7779
1355
3071
129
6347
6243
1481
7605
1653
597
4761
4921
8785
5281
2167
1093
7643
1347
2661
2205
7215
7017
6357
771
8013
7049
2097
6455
2591
633
8161
8991
6797
4327
8959
9419
8379
8489
563
9499
3765
6971
5047
1457
5547
4173
7579
2783
889
8531
3611
5715
2253
115
1037
9825
1693
2277
217
4411
9385
977
1903
699
3147
1563
8343
8147
9293
4303
9251
9885
1919
4763
8507
157
4187
3237
8569
6703
5465
823
1901
9709
3255
537
8227
6621
707
369
1091
707
3463
7749
6333
1227
8531
9639
3715
3569
7599
1117
4543
3
9449
4035
8617
4905
7161
6811
1055
2431
1687
2371
7373
6821
9021
9251
6547
7093
549
4305
9927
8227
4951
3511
439
8583
2865
1861
1855
2421
1845
5413
939
2863
9707
5295
8815
2013
3063
4887
7825
7087
8361
6883
5383
2323
8439
7597
7559
7103
8809
2871
6559
3605
4711
3787
4683
6055
8757
3189
5605
2349
9791
4175
621
233
6409
199
3589
6743
4415
515
2873
3481
551
1117
3677
827
6625
6867
4263
6795
47
4663
5431
9893
1639
8241
2157
8835
1353
2295
5211
9783
185
4425
2479
9685
3719
145
9151
3465
1223
4285
3591
3491
3377
6585
4879
1397
5467
5461
4521
1505
2537
2011
6825
1399
1007
1861
7051
6307
9219
4661
7233
2779
1579
6501
1745
8697
1199
3479
6207
4533
7431
505
9917
1413
5867
2523
545
7537
7755
3611
4267
549
9131
2745
6851
5315
23
2765
1223
1587
8559
7315
8059
5877
6173
799
2595
265
6515
1753
4211
3065
1759
8949
9093
3987
8977
7355
8945
4155
1949
153
5639
7183
9223
6799
4003
1495
8965
2775
4873
1973
6965
1853
2275
111
9547
2461
8571
5881
6909
1383
4677
8915
5859
2653
7799
5025
4093
5361
3665
7885
7369
9523
4455
9629
4095
817
2715
9095
9843
6765
7509
7293
9243
4905
221
9285
7825
1763
7149
3949
637
1599
8527
6369
4737
7207
8169
8533
9933
5101
789
77
5911
3783
7831
7075
7479
9957
325
9055
4595
9641
5933
4331
287
2993
8037
7815
695
7815
5795
9293
7257
5961
5573
7011
4385
1733
5481
8695
487
1349
2263
7987
4355
4023
3909
21
1239
9243
2383
6473
2385
3275
663
3605
2707
2505
2771
7931
1905
2057
493
6681
6311
4875
1597
5905
1031
749
8639
7313
8681
7077
7071
7833
8747
4909
1109
35
5973
4657
3265
2301
9603
2743
4091
3139
3853
2141
2491
2325
3455
7041
7745
1959
9319
5385
3917
1857
8105
2667
5305
7499
3123
7639
6851
2819
4043
9273
747
7013
2169
2647
6037
3647
7659
9823
5005
3173
1185
1779
9549
6531
8233
859
3753
45
9687
2743
1241
5463
215
6291
4185
2995
9037
6099
9561
4155
6667
6115
7903
2753
913
7613
2309
9803
8927
4453
4657
537
1067
1843
6673
8079
6731
2993
4739
8373
5323
7099
109
2569
5669
9497
6059
5029
4673
2427
3989
7479
3667
8039
1695
6927
5461
8953
7371
4691
3217
9997
4797
7413
3251
9443
8855
8871
6933
65
4859
4383
7843
8863
7293
6279
6915
2125
1961
1831
3675
6061
231
7133
5221
3317
5391
8831
8443
3569
7043
6589
4527
3379
8887
2511
7781
6847
1857
9847
3053
1997
1755
6607
871
5779
8791
229
5293
8059
6581
2899
8027
9907
5113
4297
3393
7317
1751
1393
3655
4785
8619
243
1627
8141
8293
6061
9097
4265
1511
1493
3377
1481
8593
8061
5397
3691
3479
231
6665
2925
5299
1945
1287
8073
5039
3791
5805
257
8015
6191
557
4845
7161
4665
9395
3547
3797
6683
1675
3187
6583
3925
7211
3021
1101
3513
4441
729
7707
2253
6495
627
9405
1557
2415
7587
6517
3647
4617
7239
933
3347
7377
9459
4107
1813
327
1511
3193
2847
9333
787
4899
5881
2713
9575
7591
6965
5633
7361
3141
5051
2749
5097
8389
5
5197
2559
2477
4721
8753
8383
4531
9927
1359
2501
4023
821
685
3439
3307
7977
8697
5675
3073
7681
7759
7327
2595
3601
7035
5173
4521
7085
2571
1137
3451
39
5435
5353
2025
2401
4387
5469
5767
3735
4185
3311
1563
8551
673
5161
2429
5769
3415
6783
125
3559
9517
231
2255
9715
9083
2173
1351
4481
2787
5217
3337
7965
9251
8725
2045
9499
9661
9355
5617
2091
3445
8719
5479
1017
231
9077
7981
2265
2471
1167
5687
2899
2511
181
227
6497
5715
3887
5013
3941
3161
5315
1361
3351
2179
1783
5735
2337
8117
3563
717
8269
6617
1803
8583
6153
8411
7901
621
8001
3729
9595
959
5521
3403
